#,00e5bb6a7c234f3a42956b436c890fe5_20181105005648_20181105011750,00e5bb6a7c234f3a42956b436c890fe5,2018/11/05 00:56:48,2018/11/05 01:17:50,8.61716213032045 km
2018/11/05 00:56:48,30.71590390831294,104.10419558642857,5174,30.71590681933348,104.10417523295948,1.9724428805547018,26.931777189932095
2018/11/05 00:56:51,30.716003863844566,104.10420558369194,5174,30.71600547433493,104.10419432355637,1.091212630746988,38.05249460468203
2018/11/05 00:56:54,30.71608382536003,104.1042055799961,5174,30.71608328193594,104.1042093800008,0.36825439863431497,46.823224010184084
2018/11/05 00:56:57,30.716263764283013,104.10427558499511,5174,30.71626811759321,104.10424514730069,2.949688762507896,67.6585081453244
2018/11/05 00:57:00,30.71644370338554,104.1043455902263,5174,30.71645295345769,104.1042809146407,6.267638328335619,88.4938145629225
2018/11/05 00:57:03,30.716603637450607,104.10437558871138,5174,30.716612755284046,104.10431183767759,6.178030959315044,106.50720101976933
2018/11/05 00:57:06,30.71683352299085,104.10436557612194,5174,30.71683505639528,104.1043548548672,1.0389811124266903,131.56571070077757
2018/11/05 00:57:09,30.716973459254643,104.10437557161774,5174,30.716972615148475,104.10438147367685,0.5719584903268654,147.0717833258155
2018/11/05 00:57:12,30.717113429043437,104.10447558504713,5174,30.7170482,104.1043961,10.504414835061977,155.5919547799838
2018/11/05 00:57:13,30.71721342609124,104.10459560492842,14990,30.7170482,104.1043961,26.481433990987416,40.79624783604106
2018/11/05 00:57:15,30.717173449164388,104.10460560884891,14995,30.7170482,104.1043961,24.39424949716272,0.0
2018/11/05 00:57:16,30.71718345576031,104.10463561463278,14990,30.7170482,104.1043961,27.39403612040964,40.79624783604106
2018/11/05 00:57:17,30.717183448146212,104.10461561046414,14995,30.7170482,104.1043961,25.816588018259637,0.0
2018/11/05 00:57:18,30.717183448146212,104.10461561046414,14990,30.7170482,104.1043961,25.816588018259637,40.79624783604106
2018/11/05 00:57:21,30.717173452965216,104.10461561092613,14995,30.7170482,104.1043961,25.185400127070334,0.0
2018/11/05 00:57:24,30.71713347224049,104.10461561277411,14990,30.7170482,104.1043961,23.026981834038267,40.79624783604106
2018/11/05 00:57:26,30.71712348467322,104.10463561740474,14995,30.7170482,104.1043961,24.378869093844806,0.0
2018/11/05 00:57:29,30.717113493305046,104.10464561995815,14990,30.7170482,104.1043961,24.933187554746645,40.79624783604106
2018/11/05 00:57:32,30.717093502941943,104.10464562088212,14995,30.7170482,104.1043961,24.37893243147557,0.0
2018/11/05 00:57:35,30.71712348467322,104.10463561740474,14990,30.7170482,104.1043961,24.378869093844806,40.79624783604106
2018/11/05 00:57:38,30.717133487485263,104.10465562113029,14995,30.7170482,104.1043961,26.5596056223483,0.0
2018/11/05 00:57:41,30.717113481877682,104.10461561369809,14990,30.7170482,104.1043961,22.204359185319564,40.79624783604106
2018/11/05 00:57:44,30.71710347909865,104.10459561001036,14995,30.7170482,104.1043961,20.03810235085483,0.0
2018/11/05 00:57:47,30.71706349837185,104.10459561185833,14990,30.7170482,104.1043961,19.147936801293632,40.79624783604106
2018/11/05 00:57:50,30.717023494950823,104.10453560137056,14995,30.7170482,104.1043961,13.61556291595847,0.0
2018/11/05 00:57:53,30.71704347026924,104.10449559231732,14990,30.7170482,104.1043961,9.525443001344653,40.79624783604106
2018/11/05 00:57:56,30.717063456882027,104.10448558937284,14995,30.7170482,104.1043961,8.721280719975288,0.0
2018/11/05 00:57:59,30.717063453135115,104.1044755873571,14990,30.7170482,104.1043961,7.785538931043115,40.79624783604106
2018/11/05 00:58:02,30.717073444574165,104.10446558488407,14993,30.7170482,104.1043961,7.211151778592373,0.0
2018/11/05 00:58:05,30.717043444098966,104.10442557827326,14993,30.717047674664254,104.104395998343,2.866539908758786,0.05921756126213961
2018/11/05 00:58:08,30.716973462960038,104.10438557358617,14993,30.71697401072478,104.10438174373294,0.3711449707182302,8.362857531182195
2018/11/05 00:58:11,30.716853520764463,104.10438557913008,14993,30.71685729942997,104.10435915908697,2.5603262022708977,21.51893640990831
2018/11/05 00:58:14,30.716553628361666,104.10428557351862,14993,30.71655156556883,104.10429999693794,1.3977543832612551,55.98225923507438
2018/11/05 00:58:17,30.716323709877848,104.10420556890854,14993,30.71631670471117,104.10425454932866,4.746641028108933,82.45654683111592
2018/11/05 00:58:20,30.716043812077256,104.10411556506656,14993,30.716031818907535,104.10419942145926,8.126458951689019,114.56981304223224
2018/11/05 00:58:23,30.715913874608326,104.10411557107228,14993,30.715905381532874,104.10417495473261,5.754832675366801,128.8222512226787
2018/11/05 00:58:26,30.715883892634107,104.1041255743034,14993,30.71587759912577,104.10416957859631,4.264429156908673,131.95397591529704
2018/11/05 00:58:29,30.715893891426177,104.10413557569134,5173,30.7156679,104.104129,25.136995767531268,0.0
2018/11/05 00:58:32,30.71589389503182,104.10414557754603,10511,30.7156679,104.104129,25.179455242277353,9.990080377280643
2018/11/05 00:58:35,30.71590389022233,104.10414557708405,5173,30.7156679,104.104129,26.28875820056116,0.0
2018/11/05 00:58:38,30.71590389022233,104.10414557708405,10511,30.7156679,104.104129,26.28875820056116,9.990080377280643
2018/11/05 00:58:41,30.71590389022233,104.10414557708405,5173,30.7156679,104.104129,26.28875820056116,0.0
2018/11/05 00:58:44,30.71590389022233,104.10414557708405,10511,30.7156679,104.104129,26.28875820056116,9.990080377280643
2018/11/05 00:58:47,30.71590389022233,104.10414557708405,5173,30.7156679,104.104129,26.28875820056116,0.0
2018/11/05 00:58:50,30.71590389022233,104.10414557708405,10511,30.7156679,104.104129,26.28875820056116,9.990080377280643
2018/11/05 00:58:53,30.71590389022233,104.10414557708405,5173,30.7156679,104.104129,26.28875820056116,0.0
2018/11/05 00:58:56,30.71590389022233,104.10414557708405,10511,30.7156679,104.104129,26.28875820056116,9.990080377280643
2018/11/05 00:58:59,30.71590389022233,104.10414557708405,5173,30.7156679,104.104129,26.28875820056116,0.0
2018/11/05 00:59:02,30.71590389022233,104.10414557708405,10511,30.7156679,104.104129,26.28875820056116,9.990080377280643
2018/11/05 00:59:05,30.71590389022233,104.10414557708405,5173,30.7156679,104.104129,26.28875820056116,0.0
2018/11/05 00:59:08,30.71590389022233,104.10414557708405,10511,30.7156679,104.104129,26.28875820056116,9.990080377280643
2018/11/05 00:59:11,30.71590389022233,104.10414557708405,5173,30.7156679,104.104129,26.28875820056116,0.0
2018/11/05 00:59:14,30.71588389984123,104.104145578008,10511,30.7156679,104.104129,24.070347224869238,9.990080377280643
2018/11/05 00:59:17,30.71579393951695,104.10413558031111,10512,30.715579,104.1041139,23.989910564429355,0.0
2018/11/05 00:59:20,30.715684003237612,104.10416559097109,10512,30.71557480416805,104.10414668316956,12.276194137018392,3.1684750112882045
2018/11/05 00:59:23,30.715594064637784,104.10421560452076,10512,30.715566591950495,104.10421084744581,3.0884908613742206,9.369916832176528
2018/11/05 00:59:26,30.715524138543238,104.10432562883393,10512,30.71555129951439,104.10433033138403,3.0534399043182647,20.917974770522857
2018/11/05 00:59:29,30.715514217831725,104.10452566909008,10512,30.715526036916085,104.10452771489535,1.328695865145044,39.99498819710958
2018/11/05 00:59:32,30.715474313198797,104.10472571262383,10512,30.71550012382308,104.10473018089769,2.9016269807556734,59.563226808905846
2018/11/05 00:59:35,30.715444401486145,104.10491575536068,10512,30.71547567959995,104.10492117022248,3.516282427289442,78.02225494874325
2018/11/05 00:59:39,30.715414459352736,104.1050257814646,10512,30.715461253781182,104.10503388304511,5.2606325505329155,88.91589822991487
2018/11/05 00:59:42,30.715404476094992,104.1050557887668,10512,30.71545728004271,104.10506493093827,5.936225271396382,91.91666332823587
2018/11/05 00:59:45,30.715394480900763,104.10505578922876,10512,30.715457063273313,104.1050666246162,7.035520130697159,92.08035655218309
2018/11/05 00:59:48,30.715384505683094,104.10510580118525,10512,30.715450584877175,104.1051172420769,7.428634375203089,96.97251194083415
2018/11/05 00:59:51,30.71536455151232,104.10519582309583,10512,30.715438880376183,104.10520869250796,8.356066237661596,105.81115683034321
2018/11/05 00:59:54,30.715374546706773,104.10519582263387,5181,30.715527619657248,104.1052223918006,17.20942095908159,181.4989971434241
2018/11/05 00:59:55,30.715374542666034,104.1051858202832,5181,30.715528874899142,104.10521260802642,17.350997412355373,182.4446437864
2018/11/05 00:59:58,30.715384537860412,104.10518581982124,5181,30.71552909270197,104.10521091039851,16.251760521850812,182.60872730797544
2018/11/05 01:00:01,30.7153845338238,104.10517581747527,5181,30.71553034794325,104.10520112662911,16.39333645447036,183.55437347527723
2018/11/05 01:00:04,30.7153845338238,104.10517581747527,10512,30.71544181857946,104.10518573553126,6.439959642954366,103.5923747929215
2018/11/05 01:00:06,30.7153845338238,104.10517581747527,5181,30.71553034794325,104.10520112662911,16.39333645447036,183.55437347527723
2018/11/05 01:00:09,30.7153845338238,104.10517581747527,10512,30.71544181857946,104.10518573553126,6.439959642954366,103.5923747929215
2018/11/05 01:00:12,30.7153845338238,104.10517581747527,5181,30.71553034794325,104.10520112662911,16.39333645447036,183.55437347527723
2018/11/05 01:00:15,30.71538456216673,104.1052458339958,10512,30.71543305225809,104.10525422917048,5.451259423578966,110.21225609981691
2018/11/05 01:00:18,30.71534464693135,104.10540587446968,10512,30.715412147767537,104.10541756160754,7.58845716149845,125.99826954456967
2018/11/05 01:00:21,30.715344726132685,104.10559592189914,10512,30.7153883531912,104.1056034750663,4.9045561077214215,143.96673360429645
2018/11/05 01:00:24,30.715344823994243,104.10582598157758,10512,30.71535954899806,104.1058285300157,1.6553729148047842,165.71821343496956
2018/11/05 01:00:27,30.715324955671147,104.10610605849342,10512,30.715324049115015,104.10610590020076,0.10193402859496378,192.52595070051808
2018/11/05 01:00:30,30.715275100443957,104.10637613754652,10512,30.715289150871207,104.10637856961579,1.5795429289696767,218.87936949640118
2018/11/05 01:00:33,30.71522525747672,104.10666622606483,10512,30.7152517474381,104.10667081275223,2.9780095101466055,247.1245930704191
2018/11/05 01:00:36,30.715225379640895,104.10692630667624,10512,30.715219184786807,104.10692523355141,0.6964343847556975,271.7143062536919
2018/11/05 01:00:39,30.715335398517198,104.10707634952695,10508,30.7152867,104.1071002,5.875463603355392,9.919609952135655
2018/11/05 01:00:42,30.715475374712355,104.107166372319,5180,30.71547956284937,104.10713192889196,3.325424299451467,21.65883713934169
2018/11/05 01:00:45,30.71568529805834,104.10721637903545,5180,30.71569133050826,104.10716676791455,4.7898159014277795,45.440716653655336
2018/11/05 01:00:48,30.715945192536974,104.10725638024208,5180,30.715950896507188,104.107209470496,4.5289936018065555,74.59043219126767
2018/11/05 01:00:51,30.71622508231016,104.10730638393287,14979,30.716231211972428,104.1072552068834,4.939534229657281,17.32445596157503
2018/11/05 01:00:54,30.7165249723583,104.10737639354359,14979,30.716533617694385,104.10730421296184,6.9667432744839894,51.27525248085881
2018/11/05 01:00:57,30.716824852621112,104.10742639658734,14982,30.716835032034233,104.10735847636847,6.590734846124305,15.015608021922395
2018/11/05 01:01:00,30.717104737582787,104.10746639725754,14982,30.717112479978322,104.10741473753905,5.012859935655744,46.33174430021216
2018/11/05 01:01:03,30.71736462720726,104.10749639549881,14976,30.71736931831731,104.10745854847784,3.6553632311035114,26.4929745916623
2018/11/05 01:01:06,30.717574545925604,104.10753639953157,14976,30.717579819769906,104.10749385113,4.109425985335595,50.141728581010675
2018/11/05 01:01:09,30.71769450307158,104.10756640433682,14976,30.717700977455024,104.10751417017086,5.044893934627231,63.753169992083414
2018/11/05 01:01:12,30.717744463941575,104.10753639167842,14976,30.71774627664202,104.10752176717992,1.412466558322764,68.8423000653474
2018/11/05 01:01:15,30.71774445395191,104.10751638480238,5177,30.7179182,104.1075506,19.5946133916301,0.0
2018/11/05 01:01:18,30.717754449128652,104.10751638434043,15042,30.7179182,104.1075506,18.499729803408847,9.566717046180004
2018/11/05 01:01:21,30.71773445877509,104.10751638526433,5177,30.7179182,104.1075506,20.691259742913104,0.0
2018/11/05 01:01:24,30.71773445877509,104.10751638526433,15042,30.7179182,104.1075506,20.691259742913104,9.566717046180004
2018/11/05 01:01:27,30.71773445877509,104.10751638526433,5177,30.7179182,104.1075506,20.691259742913104,0.0
2018/11/05 01:01:30,30.71773445877509,104.10751638526433,15042,30.7179182,104.1075506,20.691259742913104,9.566717046180004
2018/11/05 01:01:33,30.71773445877509,104.10751638526433,5177,30.7179182,104.1075506,20.691259742913104,0.0
2018/11/05 01:01:36,30.71773445877509,104.10751638526433,15042,30.7179182,104.1075506,20.691259742913104,9.566717046180004
2018/11/05 01:01:39,30.71773445877509,104.10751638526433,5177,30.7179182,104.1075506,20.691259742913104,0.0
2018/11/05 01:01:42,30.71773445877509,104.10751638526433,15042,30.7179182,104.1075506,20.691259742913104,9.566717046180004
2018/11/05 01:01:45,30.71773445877509,104.10751638526433,5177,30.7179182,104.1075506,20.691259742913104,0.0
2018/11/05 01:01:48,30.71773445877509,104.10751638526433,15042,30.7179182,104.1075506,20.691259742913104,9.566717046180004
2018/11/05 01:01:51,30.71773445877509,104.10751638526433,5177,30.7179182,104.1075506,20.691259742913104,0.0
2018/11/05 01:01:54,30.71773445877509,104.10751638526433,15042,30.7179182,104.1075506,20.691259742913104,9.566717046180004
2018/11/05 01:01:57,30.71773445877509,104.10751638526433,5177,30.7179182,104.1075506,20.691259742913104,0.0
2018/11/05 01:02:00,30.71773445877509,104.10751638526433,15042,30.7179182,104.1075506,20.691259742913104,9.566717046180004
2018/11/05 01:02:03,30.71773445877509,104.10751638526433,5176,30.717918557094062,104.1075477651223,20.68944330378247,0.27388966628540135
2018/11/05 01:02:06,30.71774445395191,104.10751638480238,5176,30.717918767245596,104.10754609678347,19.589776888115225,0.4350750211839413
2018/11/05 01:02:09,30.717814410214075,104.10749637471108,5176,30.71792270528602,104.10751483369586,12.170477832744755,3.455535640735845
2018/11/05 01:02:12,30.717904322117064,104.10740633992236,5176,30.717935698022636,104.10741168770976,3.5261010429544273,13.420909702051608
2018/11/05 01:02:15,30.71794423885963,104.10727629448934,5176,30.71795257386935,104.10727771471376,0.9367030260120813,26.36461083136511
2018/11/05 01:02:18,30.717944146613316,104.10708623219227,5176,30.71797600985624,104.10709166245628,3.580861049656983,44.33990730425037
2018/11/05 01:02:21,30.717993989219597,104.1068061411215,5176,30.718011597503523,104.10680914129998,1.9788478472076176,71.63546443319312
2018/11/05 01:02:24,30.718043816693864,104.10648604182403,5176,30.718052118506282,104.10648745550648,0.9329599711530974,102.71486987051674
2018/11/05 01:02:27,30.71808365317202,104.10616594775189,5176,30.718092428850944,104.10616744207333,0.986212465779038,133.63268891781482
2018/11/05 01:02:30,30.71811349866641,104.10584585891851,5176,30.71813252854838,104.10584910091417,2.1386037564003137,164.38893011545704
2018/11/05 01:02:33,30.71815336028463,104.10556578448289,5176,30.71816790428908,104.1055682620296,1.634471746262351,191.52191280847595
2018/11/05 01:02:36,30.7181832299534,104.1052857141854,5176,30.71820306950533,104.10528909444436,2.2296000267299543,218.4934148435356
2018/11/05 01:02:39,30.718233077376446,104.10496563763184,5176,30.718243588026674,104.10496742835018,1.1812022139280107,249.57085663460165
2018/11/05 01:02:42,30.71829293949804,104.10468557385468,5176,30.718279382735087,104.10468326338896,1.5235395396959637,277.0251540560922
2018/11/05 01:02:45,30.7183727989275,104.10441551483913,5168,30.718356272326705,104.10440851749777,1.9556277631704224,23.009108602670054
2018/11/05 01:02:48,30.71847265533178,104.10415546020968,5168,30.718439805643413,104.104141551927,3.8871653303071447,50.16698072155207
2018/11/05 01:02:51,30.718542529028706,104.10389541017273,5168,30.718519830333758,104.10388579963588,2.685982226327973,76.18412890583177
2018/11/05 01:02:54,30.71862240071034,104.10363536288672,5168,30.71860102374137,104.10362631222104,2.529571061310514,102.58122396429212
2018/11/05 01:02:57,30.71873226071961,104.10337531743409,14984,30.718686276021987,104.1033554315609,5.455194637424134,7.523258198503322
2018/11/05 01:03:00,30.718812128528956,104.1030852725154,14984,30.71877741523148,104.10307026058386,4.118071445898655,36.60634299834451
2018/11/05 01:03:03,30.71888201996048,104.10284523820728,14984,30.71885330060887,104.10283281824337,3.407008403717762,60.82181731062301
2018/11/05 01:03:06,30.718941939486115,104.1026752150938,14984,30.718908316778798,104.10266067482652,3.988691934290377,78.37779319134076
2018/11/05 01:03:09,30.71898187281276,104.10251519536727,14984,30.718958097307084,104.10250491352502,2.8205105643076513,94.26303816210779
2018/11/05 01:03:12,30.71903180238356,104.10235517640817,14984,30.719009091369852,104.1023453551222,2.694221678419423,110.53552130138563
2018/11/05 01:03:15,30.719061770813315,104.10229516909597,14984,30.719029579562807,104.10228124837785,3.818859352959427,117.07341312203668
2018/11/05 01:03:18,30.719101743002064,104.1022651643497,14984,30.719042858044414,104.10223970053478,6.985533812097761,121.31064688491702
2018/11/05 01:03:22,30.7192416753298,104.10226515788113,5172,30.719245874464114,104.10225366306996,1.193906089947325,21.647424443860764
2018/11/05 01:03:24,30.719421605297264,104.10232515540385,5172,30.719416849895808,104.10233817348941,1.3521100684528558,42.304255927815476
2018/11/05 01:03:27,30.719621537234758,104.10242515628009,5172,30.719617146214706,104.10243717675414,1.2484936324050877,66.50355782178192
2018/11/05 01:03:30,30.719821463713416,104.10250515547888,5172,30.719809904501137,104.10253491210875,3.121405552679613,89.88646154565464
2018/11/05 01:03:33,30.719981406838805,104.102575155723,5172,30.71996530843104,104.10261659777179,4.347169862870087,108.84894565946061
2018/11/05 01:03:36,30.72013134310582,104.10260515213716,5172,30.720099497368004,104.10268713210316,8.599494303487555,125.22275898005802
2018/11/05 01:03:40,30.720311276805212,104.10267515179308,5172,30.720271501895567,104.10277754361262,10.740632144676265,146.21084734279535
2018/11/05 01:03:42,30.720381254912926,104.10271515322019,5172,30.72034251826731,104.10281487226587,10.460258675523388,154.87630276982134
2018/11/05 01:03:46,30.720431239746254,104.10274515445637,5172,30.72039370554767,104.10284177806508,10.135551266800023,161.12220125582814
2018/11/05 01:03:48,30.720561201092416,104.10282515811784,5172,30.720527438431226,104.10291207267906,9.117089324409923,177.44035438258274
2018/11/05 01:03:52,30.720671175476195,104.1029151642785,5172,30.720647800155138,104.10297533895057,6.312144354964879,192.12694866206886
2018/11/05 01:03:55,30.72076114116981,104.10294516395392,5172,30.720732188370487,104.1030196963058,7.818222192726049,202.42403661746457
2018/11/05 01:03:58,30.72080113737066,104.1029951685914,5172,30.7207815336526,104.10304563388723,5.293657279481425,208.44516940565683
2018/11/05 01:04:01,30.720851128829185,104.10304517288645,5172,30.720839179224516,104.10307593438714,3.226787616215239,215.47910650441233
2018/11/05 01:04:04,30.7209411041755,104.10310517681218,7199,30.720932189290007,104.10312614172658,2.2358151245006472,3.286121505242713
2018/11/05 01:04:07,30.72105106997184,104.1031651799859,7199,30.721045411089516,104.10318300495226,1.816372245949879,17.018247704140677
2018/11/05 01:04:10,30.721151034319778,104.10320518096509,7199,30.72114455359176,104.10322559466589,2.080163642842263,28.77011938968252
2018/11/05 01:04:13,30.72122100359721,104.10321517914251,7199,30.721215638620702,104.10325265506907,3.6316677017527157,37.11057978313016
2018/11/05 01:04:16,30.721270976135,104.1032051754202,7199,30.721262869268436,104.1032618042808,5.487712217550758,42.4347182463647
2018/11/05 01:04:19,30.721320942261546,104.1031751689027,7199,30.72130730739954,104.1032704125445,9.22973599869483,47.44406644218455
2018/11/05 01:04:22,30.721400881147364,104.10310515555675,7199,30.72139892903745,104.10327723991944,16.450999012404022,57.6790737493466
2018/11/05 01:04:25,30.721440845932403,104.10305514695949,7201,30.721485997596943,104.10305833914451,5.029907221939452,21.074443616178325
2018/11/05 01:04:28,30.72145081288125,104.10296513465074,7201,30.721490719877032,104.10296795599737,4.445649491990236,29.7301146778091
2018/11/05 01:04:31,30.721500736287712,104.10279511102142,7201,30.72149975419836,104.10279504156236,0.10940516210921529,46.28951111693844
2018/11/05 01:04:34,30.72152066065461,104.10257508456445,7203,30.721511400083717,104.1025741907209,1.0332686628134387,0.5380334833051527
2018/11/05 01:04:37,30.721530597633816,104.10237506290689,7203,30.72152563709793,104.10237458403122,0.5534833674370918,19.684000822073603
2018/11/05 01:04:40,30.72153054951506,104.10220504640257,7203,30.721537680346675,104.10220573451137,0.795636957635187,35.87978544193902
2018/11/05 01:04:43,30.721560501729563,104.10208503420367,7203,30.721546386517964,104.10208367169645,1.5749366103403906,47.58786048448156
2018/11/05 01:04:46,30.721550490192865,104.10202502951951,7203,30.721550568662888,104.10202503692295,0.008754132867708946,53.21201623610938
2018/11/05 01:04:49,30.72156047720468,104.10199502654939,7203,30.721552762284496,104.10199428177016,0.8608102477648951,56.162002284983565
2018/11/05 01:04:52,30.721580445989446,104.10191501914922,7203,30.721558566347735,104.10191290727458,2.4412695286539456,63.96731602941772
2018/11/05 01:04:55,30.721610407556735,104.10182501084644,7203,30.721565147168093,104.10182064243963,5.050026354327474,72.81721344851805
2018/11/05 01:04:58,30.721700330003475,104.1016949973874,7203,30.721574971789845,104.10168289865463,13.987111530570408,86.02937889696558
2018/11/05 01:05:01,30.72175026753177,104.10154498536035,7203,30.72158593968479,104.10152912587826,18.335229235978957,100.7790182019217
2018/11/05 01:05:04,30.721770198675735,104.10130497115313,7203,30.721603077968073,104.10128884263199,18.64684460711915,123.82660038182914
2018/11/05 01:05:07,30.72178014174984,104.10108496096568,7203,30.7216170563122,104.10107188133179,18.177347796900538,144.62457285261718
2018/11/05 01:05:10,30.721790107093614,104.10095495586013,7203,30.721624772183844,104.10094169603164,18.428070396343973,157.09851510069038
2018/11/05 01:05:13,30.721790075802062,104.10081495177707,7203,30.721633030581696,104.10080235701031,17.504108052584645,170.4495367572165
2018/11/05 01:05:16,30.721790043201832,104.10066494845934,7203,30.721641878807937,104.10065306616637,16.51425811924485,184.7541091267014
2018/11/05 01:05:19,30.721780028955006,104.10057494745604,16309,30.7216498,104.1005652,14.510764697039603,0.0
2018/11/05 01:05:22,30.72178000813834,104.10047494629022,16309,30.721653700470185,104.10046808157017,14.060112221440102,9.293664946247612
2018/11/05 01:05:25,30.721769994621134,104.10038494611948,16309,30.721657285370906,104.10037882055472,12.546385171260239,17.835421022802993
2018/11/05 01:05:28,30.72175998343539,104.1003049463504,16309,30.7216604695166,104.10029953800266,11.077528386836683,25.42229636534873
2018/11/05 01:05:31,30.721759971585975,104.10024494638179,16309,30.72166287395891,104.1002396694097,10.808555309157239,31.1513694933778
2018/11/05 01:05:34,30.721759963771856,104.10020494650027,16309,30.72166447691676,104.10019975710627,10.629249854870668,34.97074270826622
2018/11/05 01:05:37,30.721759956026144,104.10016494669681,16309,30.721666079871657,104.10015984487633,10.449952347550079,38.79010882639217
2018/11/05 01:05:40,30.72175995026177,104.10013494689547,16309,30.721667282085892,104.10012991075214,10.315484433771768,41.6546287545321
2018/11/05 01:05:43,30.721759944535894,104.10010494713802,16309,30.721668484298466,104.1000999766693,10.18102099212389,44.519144691082566
2018/11/05 01:05:46,30.72175993507834,104.10005494763993,16309,30.721670487982397,104.10005008662318,9.956925196237465,49.29332903914499
2018/11/05 01:05:49,30.721759923870504,104.0999949484034,16309,30.721672892397017,104.09999021871964,9.688026647547042,55.02233560053738
2018/11/05 01:05:52,30.721749917669488,104.0999349498048,16309,30.721675275019148,104.09993089343077,8.308947776291584,60.69941698587182
2018/11/05 01:05:55,30.72174990496837,104.09986495112305,16309,30.721678080153662,104.09986104793865,7.995276327896461,67.38321979665993
2018/11/05 01:05:58,30.721749885433688,104.09975495367863,16309,30.721682488203875,104.0997512911926,7.50241333093329,77.88629448397086
2018/11/05 01:06:01,30.72174986471482,104.09963495714172,4836,30.721687345391437,104.09963147405998,6.95980956294257,4.289815307321603
2018/11/05 01:06:04,30.721749847921043,104.09953496056617,4836,30.721691452583837,104.09953170728073,6.500716782390756,13.837435354082507
2018/11/05 01:06:07,30.72174983642083,104.09946496325477,4836,30.72169432760723,104.09946187080932,6.179381539335088,20.520742918056698
2018/11/05 01:06:10,30.72174982994376,104.09942496489892,4836,30.721695970473572,104.09942196435559,5.995772386830479,24.339766022798297
2018/11/05 01:06:13,30.721749820357044,104.09936496751224,4836,30.721698434767386,104.09936210481332,5.720373646149079,30.0682873188565
2018/11/05 01:06:16,30.72174980936808,104.09929497078424,4836,30.721701309768203,104.09929226889045,5.399097853553015,36.75154190511868
2018/11/05 01:06:19,30.721759793737096,104.09922497383461,4836,30.72170420764881,104.0992218772003,6.187983420294283,43.487982874044505
2018/11/05 01:06:22,30.721759781677104,104.0991449781433,4836,30.72170749334165,104.09914206526055,5.820869092213226,51.12593562779066
2018/11/05 01:06:25,30.721759769892504,104.09906498276627,4836,30.721710779022324,104.09906225361631,5.453786788611698,58.763859841246486
2018/11/05 01:06:28,30.721759752732243,104.09894499029033,4836,30.721715707520513,104.09894253670436,4.903223410920061,70.22069261799957
2018/11/05 01:06:31,30.721749734336562,104.09877500262348,4836,30.721722666625517,104.09877349483217,3.013245260155506,86.39789190545838
2018/11/05 01:06:34,30.721759700014022,104.09854502048641,4836,30.721731092351778,104.09854476121959,3.1811278254162016,108.28448584011431
2018/11/05 01:06:37,30.721769661259522,104.0982550468458,4836,30.721733033662638,104.09825471499735,4.072932085894395,136.01078724392733
2018/11/05 01:06:40,30.721749627393002,104.09782509518242,4836,30.721735909986172,104.09782497095468,1.5253543700495444,177.09117941148847
2018/11/05 01:06:43,30.721749595557963,104.09744514469574,4836,30.72173845287963,104.09744504383573,1.2390485157741162,213.40943644961078
2018/11/05 01:06:46,30.721739582241536,104.09718518315937,4836,30.721747191896235,104.09718565799307,0.8473726648123994,238.22872635272873
2018/11/05 01:06:49,30.721749556602813,104.09681524256403,4836,30.721764231245874,104.09681615816308,1.6340936214879218,273.5999153898977
2018/11/05 01:06:52,30.72176952994407,104.09637532169786,4836,30.721784517140318,104.09637625671682,1.6688975376166537,315.7104468358855
2018/11/05 01:06:55,30.72177951764142,104.09602539180919,4836,30.721800636386803,104.09602670940649,2.351675720973962,349.1716240106075
2018/11/05 01:06:58,30.721799505885993,104.09565547214312,4836,30.721817706825,104.09565661257997,2.0267887342408017,384.5999635092678
2018/11/05 01:07:01,30.721819500711355,104.09525556676964,4836,30.721836225257594,104.09525661443597,1.8623817874286037,422.89107659899
2018/11/05 01:07:07,30.72184951853989,104.09441579215736,4836,30.721875078101764,104.0944173930019,2.846214103629932,503.22823262618016
2018/11/05 01:07:10,30.7218395519928,104.0939859224323,4836,30.721894893112296,104.09398938877446,6.162574485990029,544.2002938403557
2018/11/05 01:07:13,30.72185958095238,104.09353606733688,4836,30.72191571743569,104.09353958338917,6.251142585041783,587.2593309375268
2018/11/05 01:07:16,30.721899606848158,104.0931062143873,4836,30.721934001536578,104.09310774635823,3.8273226913047225,628.5895400418864
2018/11/05 01:07:19,30.721919647966153,104.09269636414302,4836,30.72194750076501,104.09269760458318,3.0993631632940986,667.8235511194498
2018/11/05 01:07:22,30.721939693520515,104.09230651444835,4836,30.721960342670222,104.09230743400211,2.2977657422317628,705.1471200484226
2018/11/05 01:07:25,30.721959744152265,104.091926668295,20092,30.72196086791345,104.09192664831492,0.12497130929811011,24.908948217447353
2018/11/05 01:07:28,30.72193981511464,104.09157681825667,20092,30.721956255960247,104.09157652539069,1.828355473411147,58.38097949862622
2018/11/05 01:07:31,30.72192988469228,104.0912369694611,20092,30.721951778061317,104.09123657938562,2.434720454445904,90.88009070880932
2018/11/05 01:07:34,30.72193996042138,104.09084714915448,20092,30.72194664676857,104.09084703006842,0.7435760478171969,128.12132026745104
2018/11/05 01:07:37,30.721960038079164,104.0904573361356,20092,30.72194151792163,104.09045766642797,2.0595924033902033,165.34480095812876
2018/11/05 01:07:40,30.721940144446844,104.09005753784086,20092,30.721936248190584,104.09005760737261,0.43329550537887174,203.59077407320754
2018/11/05 01:07:43,30.721930242407797,104.08969772599136,14508,30.721935388389916,104.08969836834456,0.575492930093029,3.5313216232039446
2018/11/05 01:07:46,30.721950337268762,104.08931793037037,14508,30.72197025337822,104.08932041634705,2.2272864458747965,39.867004932745566
2018/11/05 01:07:49,30.722000448231423,104.0888581864709,18899,30.72202426755471,104.08886247544446,2.6801346202417733,27.889054844144752
2018/11/05 01:07:53,30.722050581708174,104.0883584773341,18899,30.722090381314462,104.08836564366719,4.478224126667081,75.94656880218969
2018/11/05 01:07:56,30.722130732863516,104.0877988172114,18899,30.722184462526908,104.08781354751608,6.138157456508665,129.78853222422725
2018/11/05 01:07:58,30.722240894860988,104.08720919152383,18899,30.722303643653493,104.0872270515508,7.183184122771328,187.3964534582702
2018/11/05 01:08:01,30.722351068452323,104.08662957684102,18899,30.722424895338296,104.08665058935046,8.45133645001114,244.1254680082998
2018/11/05 01:08:04,30.72247125231369,104.08604997899904,15453,30.722551053159123,104.08607560881211,9.205458633829572,19.157886493967705
2018/11/05 01:08:07,30.722631431877417,104.08547039662804,15453,30.722690216814335,104.08548927643335,6.781152126547594,77.30173491605672
2018/11/05 01:08:10,30.7227816362709,104.08488083982586,15453,30.722846244189398,104.08490435056684,7.527395224875952,135.84611504973978
2018/11/05 01:08:14,30.722941851480286,104.0842913005046,15453,30.72300493654157,104.08431425661514,7.349954517299427,194.9480727833858
2018/11/05 01:08:16,30.72310208237108,104.08370177913412,15453,30.723163625651953,104.08372417471799,7.170337392466123,254.0487345620872
2018/11/05 01:08:19,30.72326234021934,104.0830922931191,15453,30.72332419019395,104.0831143070161,7.192131799311506,315.0177389828378
2018/11/05 01:08:22,30.723422603017816,104.08250280827608,15453,30.723479697451072,104.08252312689079,6.639065173149862,374.113930042007
2018/11/05 01:08:25,30.72358287533598,104.08192333208596,15453,30.723632797952238,104.08194109634677,5.805052057712111,432.29541554880853
2018/11/05 01:08:28,30.723723172549292,104.08134387417752,15453,30.723784183628176,104.08136558492353,7.0944514295014525,489.8251474894806
2018/11/05 01:08:31,30.72387349344982,104.08074445298897,15453,30.723941228952125,104.08076855764642,7.876404292423851,549.5055770808966
2018/11/05 01:08:35,30.724053822937293,104.08013505921727,15453,30.724103241834218,104.0801526455809,5.746514253337268,611.0736870326862
2018/11/05 01:08:38,30.72421421522721,104.07947573834905,15453,30.72427555626023,104.07949757091848,7.132939142761828,676.5564842548799
2018/11/05 01:08:41,30.724384607122296,104.07883641765642,15453,30.72444696174976,104.07885921771303,7.267981693928019,740.4826098747499
2018/11/05 01:08:43,30.724565036134116,104.07816715131428,15453,30.724627768768432,104.07819008907259,7.312025674756365,807.5280298709014
2018/11/05 01:08:46,30.724745493482143,104.07748791966515,11929,30.72481052575683,104.07751105952325,7.56198359081583,9.96989175997974
2018/11/05 01:08:50,30.724905930572653,104.07686864112682,16262,30.724973132149916,104.07689254753733,7.814080955801228,52.48249859285704
2018/11/05 01:08:53,30.725046307623856,104.07634926117728,16262,30.72511000153689,104.07637191804092,7.4061668399965,104.52282432731853
2018/11/05 01:08:56,30.725176674942663,104.07585985823809,16262,30.725238807920686,104.07588195893311,7.2246386979022255,153.49738226656947
2018/11/05 01:08:59,30.72530705300358,104.0753704676028,16262,30.72536761210407,104.07539200819532,7.041624400457253,202.47104372786475
2018/11/05 01:09:02,30.72543745113487,104.07487110219438,16262,30.725498815855744,104.07489292987935,7.135313621570409,252.35700258175925
2018/11/05 01:09:05,30.725587860232743,104.07436176184419,16262,30.725634128918944,104.07437822039239,5.380005711205906,303.8053284402837
2018/11/05 01:09:08,30.725718280887367,104.07386242223639,16262,30.725762566487514,104.07387703497344,5.118603396649004,353.79741253655516
2018/11/05 01:09:11,30.7258286724083,104.07341302780972,16262,30.72587220271174,104.07342739110074,5.031298678420528,398.47248618670756
2018/11/05 01:09:14,30.725929067622204,104.07297363024267,16262,30.725970986667846,104.07298529017854,4.792584593022394,442.1446874528764
2018/11/05 01:09:17,30.726009481198247,104.07253424343878,16262,30.726060763931134,104.07254850768324,5.863125002104072,485.0716802727936
2018/11/05 01:09:20,30.726079834291934,104.07216476656401,16262,30.726134893711457,104.07217560415013,6.209357945591025,521.664650623084
2018/11/05 01:09:23,30.72613013901951,104.07185521060043,18240,30.72618006510327,104.0718650373018,5.630435492235763,2.1097583344902717
2018/11/05 01:09:26,30.726170463709092,104.07153567459974,18240,30.726226366468257,104.07154667718984,6.304450042539858,32.97278487554961
2018/11/05 01:09:29,30.726210825852267,104.07118618820255,18240,30.726276903544516,104.07119919306575,7.45192586257115,66.65918623230725
2018/11/05 01:09:32,30.72625123798572,104.07079676800258,18240,30.726333088235798,104.07081287692557,9.230676694949288,104.11008727520037
2018/11/05 01:09:35,30.726311715089512,104.07034744589926,18240,30.726398300790013,104.07036448677407,9.764717302079733,147.5786436366449
2018/11/05 01:09:38,30.726372409722206,104.06971841318222,18240,30.726479732574052,104.06973711333964,12.066894518328462,208.22661947175993
2018/11/05 01:09:41,30.726452969443727,104.06920920937705,18240,30.72654562474358,104.06922535343153,10.417735711099565,257.68890072081194
2018/11/05 01:09:44,30.72652356959611,104.06868005120607,2509,30.72661393244985,104.0686958463047,10.16069922629267,31.08072281525788
2018/11/05 01:09:47,30.726584149971387,104.06818085853126,2509,30.726678323131747,104.06819731896573,10.58913277186994,79.26733033939773
2018/11/05 01:09:50,30.72664472871713,104.06769166174743,2509,30.726741451157103,104.06770856740155,10.87577660546861,126.5090014063493
2018/11/05 01:09:53,30.72670526701372,104.06724240968924,2509,30.72679953282406,104.06725888589457,10.59954432698855,169.97421836520698
2018/11/05 01:09:56,30.726755831884308,104.06678318515648,6467,30.726851328011257,104.06679751758273,10.706706923179716,41.13194520208163
2018/11/05 01:09:59,30.72682644859827,104.06628403921485,6467,30.726906930830076,104.06629611672531,9.023379796849428,89.45535527163473
2018/11/05 01:10:02,30.72690712460302,104.06574497525416,6467,30.726967052526216,104.06575396669342,6.7188845936772195,141.70600952110058
2018/11/05 01:10:05,30.726977845220375,104.06518596170991,6467,30.7270291872789,104.06519366383587,5.756257344860815,195.7061402980121
2018/11/05 01:10:08,30.72705850523886,104.06467687272554,6467,30.72708603893619,104.0646810015228,3.086942482936557,245.1148034344431
2018/11/05 01:10:11,30.727129167220685,104.06417777860825,6467,30.727141636635697,104.06417964682898,1.397989544226264,293.4336486755191
2018/11/05 01:10:14,30.727199868338733,104.06365873377692,6467,30.727199411142745,104.06365866267771,0.051290172956948,343.64428463031913
2018/11/05 01:10:17,30.727260614771897,104.06311974016229,6467,30.727259198665312,104.06311952607068,0.15878823987125718,395.6043598096686
2018/11/05 01:10:20,30.72733132453108,104.06261070298237,6467,30.7273158815906,104.06260838530582,1.7314100484026977,444.86626567710346
2018/11/05 01:10:23,30.727411950964044,104.06216156210998,6467,30.727371091105603,104.0621544983957,4.593309164133568,488.6847600113325
2018/11/05 01:10:26,30.727472550480353,104.06174237341514,6467,30.727424786949815,104.0617341161883,5.369393942498668,529.3078291261729
2018/11/05 01:10:29,30.72754318296627,104.06130323209112,6467,30.727481193006962,104.06129251585291,6.968668888748645,571.981259652304
2018/11/05 01:10:32,30.72759378704887,104.06089404123958,6467,30.72753342340428,104.06088360655944,6.785839021106477,611.4956152968967
2018/11/05 01:10:35,30.727644366957165,104.06050481823198,6467,30.72758315784005,104.06049423803013,6.880874729489367,649.121658108345
2018/11/05 01:10:38,30.72770490107572,104.0601455412293,6467,30.727629320705088,104.06013249304404,8.496204715482097,684.0776189362439
2018/11/05 01:10:41,30.727755397837544,104.05981620959356,6467,30.72767151395501,104.05980172810267,9.429623070290525,716.0396526116241
2018/11/05 01:10:44,30.727785828935744,104.05953678128972,6467,30.727707046198688,104.05952318069241,8.856185457474496,742.9558613186548
2018/11/05 01:10:47,30.72781621499629,104.05928729470523,6467,30.7277388403189,104.05927393750004,8.697897125176446,767.0403770781872
2018/11/05 01:10:50,30.7278365438158,104.05907772848167,19024,30.727774150605583,104.05905627299668,7.234575601606601,5.943148751632596
2018/11/05 01:10:53,30.72785684194364,104.05888812264128,19024,30.72782008736499,104.05887548343746,4.261747826265159,23.96281887489285
2018/11/05 01:10:56,30.72786711380702,104.0587184771043,19024,30.727860554304335,104.05871622100314,0.7605952087133337,39.836829293051075
2018/11/05 01:10:59,30.727907388547372,104.05853885254612,19024,30.72790576389224,104.0585382933135,0.18839591718097307,57.57123638382023
2018/11/05 01:11:02,30.727917745177727,104.05831931525124,19024,30.7279578960079,104.05833312119573,4.655516243834557,78.02114037641539
2018/11/05 01:11:06,30.727978129013604,104.05806984156636,19024,30.728021043236044,104.05808459779769,4.975935618315297,102.79193715939037
2018/11/05 01:11:08,30.728048593943566,104.05777047707119,19026,30.72809673494504,104.05777968375602,5.424894177039664,1.5320619268675608
2018/11/05 01:11:11,30.728099173320654,104.05741124673823,19026,30.728147491957063,104.05742048687601,5.444903314883782,36.326145639891706
2018/11/05 01:11:14,30.728149791921005,104.05703206578855,19026,30.728200994959703,104.05704185718812,5.769933983097566,73.00259483020402
2018/11/05 01:11:17,30.72822050951992,104.05659302191542,19026,30.72826326324773,104.05660119738779,4.817800598949986,115.68764527281579
2018/11/05 01:11:20,30.728251289183007,104.05613403296653,19026,30.7283272249091,104.0561485539344,8.556994546284217,159.5334789680846
2018/11/05 01:11:23,30.72830204994592,104.05568503044269,16770,30.728382625560137,104.05569830435613,9.04900027276062,40.54506672038101
2018/11/05 01:11:26,30.72835280103324,104.05524601460142,16774,30.728419814542242,104.05525278205958,7.4795958584085716,27.921019257039987
2018/11/05 01:11:29,30.7283734136445,104.05489680461483,16774,30.72844583044885,104.0549041173042,8.082671682015395,61.37281588177206
2018/11/05 01:11:32,30.728394049073536,104.05453762298768,16774,30.728472585000507,104.05454555324,8.765643669137733,95.7743684007217
2018/11/05 01:11:35,30.728424757259404,104.05413853876222,16774,30.728502369976347,104.05414637548037,8.662598673357154,134.07249148639158
2018/11/05 01:11:39,30.72845547169828,104.05373946169297,16774,30.72853215445927,104.05374720432677,8.558801826745848,172.36996902665842
2018/11/05 01:11:41,30.72848617390348,104.05335036837694,16774,30.728561199465524,104.05335794362745,8.373836204063634,209.71660151612986
2018/11/05 01:11:44,30.728556862397784,104.0529612799822,17250,30.728590537576384,104.05296467981708,3.7585887748760247,27.057649551261505
2018/11/05 01:11:47,30.72859760898768,104.0525522471085,17250,30.728621126338464,104.05255462078175,2.6248375986438424,66.39962362264369
2018/11/05 01:11:50,30.72859836271752,104.0521531995443,17250,30.728650676838132,104.05215848022021,5.838929805949254,104.40621665423943
2018/11/05 01:11:53,30.728599160716566,104.0517342071335,17250,30.728681704363684,104.05174253932131,9.212935152325095,144.31248496943743
2018/11/05 01:11:56,30.72864999865303,104.05128529293546,17250,30.72871532128246,104.05129188619424,7.2908426615091475,187.54910504620395
2018/11/05 01:12:00,30.728700824831634,104.05084636303609,17250,30.72874819886772,104.05085114423616,5.287545954122111,229.83481199878088
2018/11/05 01:12:02,30.72874158490005,104.05044734333971,17250,30.728778046308502,104.05045102301708,4.069556260353262,268.22326774132665
2018/11/05 01:12:05,30.728752326242688,104.05006828225402,17250,30.72880619168471,104.05007371890169,6.012072055620903,304.42259264360354
2018/11/05 01:12:08,30.728783043314067,104.0496992014556,17250,30.728833747420037,104.0497043192439,5.659228292853915,339.86353762757176
2018/11/05 01:12:12,30.728803790352387,104.04932015204095,3866,30.728852469538683,104.04932291264842,5.419313646169832,28.477991529010115
2018/11/05 01:12:15,30.7288345780803,104.04892115883897,3866,30.728869221556707,104.0489231233054,3.85675767146214,66.73632388635507
2018/11/05 01:12:18,30.728845381490615,104.0485221732694,3866,30.72888592587816,104.04852447224798,4.513688511498906,104.88571999951654
2018/11/05 01:12:20,30.72885617032118,104.04813316876614,3866,30.72887366417702,104.04813215081029,1.9476625867345785,142.43142780664076
2018/11/05 01:12:24,30.72885692846074,104.04776411948852,3866,30.728857836876575,104.0477640666572,0.10113751636083813,177.65790594654771
2018/11/05 01:12:27,30.72885760881622,104.04743497220802,3866,30.728835643316188,104.04743854797339,2.4662529439074627,208.89687014521314
2018/11/05 01:12:30,30.72884836039506,104.0470759080143,3866,30.72879310444998,104.0470849033243,6.204056051114554,243.02855724949683
2018/11/05 01:12:33,30.7288090894628,104.04673679809376,3866,30.72875234312064,104.04674603613539,6.371397075145928,275.73402527756826
2018/11/05 01:12:36,30.728699856965818,104.04639769606308,3866,30.728699929054144,104.046397675588,0.008251317566064797,309.58453253818215
2018/11/05 01:12:39,30.72861057642748,104.04607854487816,3866,30.728630685028897,104.04607263885863,2.3061380315164923,341.5925968909846
2018/11/05 01:12:42,30.728531124519005,104.04583918476973,3866,30.72856918900382,104.04582611961888,4.412967371334187,366.1297228285785
2018/11/05 01:12:45,30.72846156312563,104.04564969329603,15652,30.728520561281982,104.045629926534,6.826954717158364,18.578013337025865
2018/11/05 01:12:48,30.728411822275294,104.04553998879771,15652,30.72849167260066,104.04551323560116,9.239860845471437,30.185050103160577
2018/11/05 01:12:51,30.728351958472892,104.04549012496831,15652,30.728475688405172,104.04544867015211,14.317382347442345,36.607260328075476
2018/11/05 01:12:54,30.728362017694295,104.04546020463104,15652,30.72846961894066,104.04542415357872,12.451055860836771,39.04588047629629
2018/11/05 01:12:57,30.728382007894734,104.04546020372341,15656,30.728360186915893,104.04535956148402,9.920995551183443,9.989926986385036
2018/11/05 01:13:00,30.728422052447304,104.04543028206078,17135,30.7285668,104.0458167,40.28960069514948,76.68381749322369
2018/11/05 01:13:03,30.728422052447304,104.04543028206078,15652,30.728467376714747,104.0454150964871,5.244687850099119,39.94677337967673
2018/11/05 01:13:06,30.728422052447304,104.04543028206078,15656,30.72840393568064,104.04534672433834,8.23685439765332,4.9729197719398375
2018/11/05 01:13:09,30.728422052447304,104.04543028206078,17135,30.7285668,104.0458167,40.28960069514948,76.68381749322369
2018/11/05 01:13:12,30.728422052447304,104.04543028206078,15652,30.728467376714747,104.0454150964871,5.244687850099119,39.94677337967673
2018/11/05 01:13:15,30.728422052447304,104.04543028206078,15656,30.72840393568064,104.04534672433834,8.23685439765332,4.9729197719398375
2018/11/05 01:13:18,30.728392088538573,104.04542031014772,17135,30.7285668,104.0458167,42.57844897418444,76.68381749322369
2018/11/05 01:13:21,30.728382050659604,104.04544025715448,15652,30.728466593231285,104.04541193173843,9.782826389021647,40.26156534438987
2018/11/05 01:13:24,30.728392067147396,104.04543028342219,15656,30.7283757436721,104.04535499668438,7.421529208320894,8.205914128991715
2018/11/05 01:13:27,30.728402083638613,104.04542030969392,17135,30.7285668,104.0458167,42.08301307606641,76.68381749322369
2018/11/05 01:13:30,30.728402083638613,104.04542030969392,15652,30.72846356752875,104.04539970992575,7.114595913104638,41.47724750113527
2018/11/05 01:13:33,30.728402083638613,104.04542030969392,15656,30.728387194154262,104.04535163678362,6.7695582934882355,6.8927993020931595
2018/11/05 01:13:36,30.728402083638613,104.04542030969392,17135,30.7285668,104.0458167,42.08301307606641,76.68381749322369
2018/11/05 01:13:39,30.728402083638613,104.04542030969392,15652,30.72846356752875,104.04539970992575,7.114595913104638,41.47724750113527
2018/11/05 01:13:42,30.728402083638613,104.04542030969392,15656,30.728387194154262,104.04535163678362,6.7695582934882355,6.8927993020931595
2018/11/05 01:13:45,30.728402040859756,104.04544025624686,17135,30.7285668,104.0458167,40.37718886351824,76.68381749322369
2018/11/05 01:13:48,30.728402040859756,104.04544025624686,15652,30.728468124121218,104.0454181155089,7.646810720737407,39.6464766133647
2018/11/05 01:13:51,30.728402062247437,104.0454302829684,15652,30.728465845824363,104.04540891271482,7.38070345103225,40.56186229606466
2018/11/05 01:13:54,30.728392067147396,104.04543028342219,15652,30.72846508037916,104.04540582082862,8.448711276384682,40.869406763245195
2018/11/05 01:13:57,30.728392067147396,104.04543028342219,15656,30.7283757436721,104.04535499668438,7.421529208320894,8.205914128991715
2018/11/05 01:14:00,30.728362253074092,104.04535049869968,15656,30.728363976926268,104.04535844938599,0.7837538796679635,9.55529735196651
2018/11/05 01:14:03,30.72824241899595,104.04530063797222,15656,30.72827137785398,104.04538896055377,9.03543635309901,20.270601144365617
2018/11/05 01:14:06,30.728082240401807,104.04542032421558,15656,30.72810279107666,104.04546470181384,4.818134043090202,40.37125374557994
2018/11/05 01:14:09,30.72798224659641,104.04544027530676,15656,30.728018128938565,104.04551776043068,8.412668455598233,51.06443187965671
2018/11/05 01:14:12,30.72787227907475,104.04545025358121,15656,30.72793946816309,104.04556912215017,13.598159510488008,61.1007990631109
2018/11/05 01:14:15,30.72786226259023,104.04546022732161,15656,30.72792853948394,104.04557748207367,13.413545172243634,62.55519393678351
2018/11/05 01:14:18,30.727852331638864,104.04543030792756,7221,30.7278591,104.0456306,19.159450919734425,0.0
2018/11/05 01:14:21,30.7278822955627,104.04544027984478,15656,30.72795039684278,104.04556076222626,13.782773293352868,59.64640416740061
2018/11/05 01:14:24,30.727882252797833,104.04546022641401,7221,30.7278591,104.0456306,16.487183419075063,0.0
2018/11/05 01:14:27,30.727882252797833,104.04546022641401,15656,30.72794249576982,104.04556680617398,12.192360501180552,60.69788343585523
2018/11/05 01:14:30,30.727872257694067,104.04546022686782,7221,30.7278591,104.0456306,16.350488532292605,0.0
2018/11/05 01:14:33,30.727872257694067,104.04546022686782,15656,30.7279355176269,104.04557214412381,12.802952796501707,61.62653867361061
2018/11/05 01:14:36,30.727862241213042,104.04547020061224,15656,30.727924588948728,104.04558050404657,12.618337861192828,63.08093343569809
2018/11/05 01:14:39,30.727872257694067,104.04546022686782,7221,30.7278591,104.0456306,16.350488532292605,0.0
2018/11/05 01:14:42,30.727872257694067,104.04546022686782,15656,30.7279355176269,104.04557214412381,12.802952796501707,61.62653867361061
2018/11/05 01:14:45,30.72787227907475,104.04545025358121,7221,30.7278591,104.0456306,17.300359754182146,0.0
2018/11/05 01:14:48,30.727852246109133,104.04547020106605,15656,30.727917610805303,104.04558584199678,13.22893027504749,64.00958879255163
2018/11/05 01:14:51,30.727661869709017,104.04568962309642,7222,30.727674241622353,104.04572226357273,3.409742466640942,22.34522365312796
2018/11/05 01:14:54,30.727421646836845,104.04584920859777,7222,30.727422479663957,104.04585140540576,0.22949410176160806,52.940558798157284
2018/11/05 01:14:57,30.727161498179477,104.04597887552804,7222,30.727163529543514,104.04598423442181,0.5598186889960964,84.40944785340525
2018/11/05 01:15:00,30.726881380999806,104.04609857050117,7222,30.726891025674774,104.04612401586195,2.65813127611184,117.52546975764167
2018/11/05 01:15:03,30.726601222056033,104.04623821325505,7222,30.726604622440938,104.04624886066065,1.0856991179656137,151.53716874982294
2018/11/05 01:15:06,30.72630109457603,104.04636788405466,7222,30.7263045053319,104.046378563936,1.0890135747658771,187.13721252391832
2018/11/05 01:15:09,30.725971045331335,104.04646763579686,7222,30.725985413044366,104.04651544376856,4.84097424077453,224.9549173299333
2018/11/05 01:15:12,30.7256510124722,104.04655741375778,7222,30.725676193282805,104.04664120139651,8.484259279220264,261.37929944438497
2018/11/05 01:15:15,30.725410940801385,104.04664718841663,7222,30.72543822677521,104.04673798079823,9.193574095418334,289.41044997099226
2018/11/05 01:15:18,30.72525078851398,104.04675690739393,7222,30.725266134396,104.04680796962846,5.170537257038981,309.6819938631608
2018/11/05 01:15:21,30.725100840747874,104.04676688802235,7222,30.7251298448641,104.04686339767795,9.772526373400071,325.7361603637926
2018/11/05 01:15:24,30.725020879755608,104.0467668916554,7222,30.72505859156503,104.04689237592251,12.706489517679575,334.1294129128514
2018/11/05 01:15:27,30.724970883218568,104.04677686774663,7222,30.72501136863874,104.0469115811737,13.641035786202753,339.6920181279739
2018/11/05 01:15:30,30.724890964051383,104.04675692374255,7222,30.724945494562505,104.046938371724,18.373371677796047,347.4516283896827
2018/11/05 01:15:33,30.72479115932149,104.04668711168208,6678,30.724702303256468,104.04675101645486,11.616138100872755,26.452262775906533
2018/11/05 01:15:36,30.72464146303172,104.0465774070936,6678,30.72461872715597,104.04659375865367,2.9722605605253007,44.12481476133112
2018/11/05 01:15:39,30.724502014815727,104.04634801847509,6678,30.72447846407578,104.04636885890777,3.290303053433499,70.70636551081563
2018/11/05 01:15:42,30.72433266768852,104.04607873917318,6678,30.724304847107057,104.04610335801164,3.886847749668585,102.59309930989312
2018/11/05 01:15:45,30.724143375371582,104.04578951686715,6678,30.72411686360654,104.04581801121836,4.013617317472226,136.96250658810573
2018/11/05 01:15:48,30.723914126821885,104.04549032644955,6678,30.72388309373192,104.04552368060718,4.698130139244057,175.26697644875696
2018/11/05 01:15:51,30.72367486477715,104.04520111326683,6678,30.723647218465977,104.04523749608751,4.641669162701078,213.1938559730913
2018/11/05 01:15:54,30.72342554578842,104.04494182311426,6678,30.72339625402007,104.04498316349206,5.120960789352768,250.20800668146566
2018/11/05 01:15:57,30.72322605332168,104.04475234432829,17088,30.723197514061052,104.04479264264185,4.990882466059943,10.12603245036845
2018/11/05 01:16:00,30.723116344899747,104.04464264647324,17088,30.723085881705995,104.04468566163492,5.327353672371091,26.2088122786385
2018/11/05 01:16:03,30.72309639795791,104.04462270145997,17088,30.723065584956583,104.04466621058339,5.38852962888917,29.1329487640076
2018/11/05 01:16:07,30.723046508976118,104.0445828119342,17088,30.723019037571127,104.04462160267234,4.804163446907713,35.83899436692966
2018/11/05 01:16:10,30.72295672631205,104.04450303261824,17088,30.722931896874567,104.04453809283812,4.342145461398238,48.39329023509477
2018/11/05 01:16:13,30.722846997068814,104.04440330871392,17088,30.722824459769342,104.04443513227895,3.941297133908864,63.871681040894714
2018/11/05 01:16:16,30.722687379606587,104.04426369617967,17088,30.722670110159886,104.0442919468639,3.313593253848124,85.83346457922063
2018/11/05 01:16:19,30.722477874483573,104.0440841956726,17088,30.722458087883435,104.04411656426704,3.796592518854354,114.76222542686727
2018/11/05 01:16:22,30.722328253657977,104.04394458443821,17088,30.722302033376568,104.04398747762049,5.031059545934473,136.05464091207043
2018/11/05 01:16:25,30.722188584733072,104.04382491879223,17747,30.72216068078824,104.04387057741282,5.3549906350968,16.319719849605058
2018/11/05 01:16:28,30.721998962541655,104.04369528337861,17747,30.72198209250083,104.04372288863296,3.2375914394630443,40.684638237872186
2018/11/05 01:16:31,30.721829375268424,104.04354570263928,17747,30.72180871549166,104.04357950947126,3.9649178514183108,64.33859297725739
2018/11/05 01:16:34,30.721659810830722,104.04338615029778,17747,30.721631305383234,104.04343279502079,5.470589965043195,88.54280124086699
2018/11/05 01:16:37,30.7214901808071,104.04325651619291,17747,30.721465997506428,104.04329608886285,4.64115187626039,111.09590546233204
2018/11/05 01:16:40,30.72134054163572,104.04312688183337,17747,30.721313968792284,104.0431703642948,5.099718882179859,131.8373328842333
2018/11/05 01:16:43,30.721190880792825,104.04300722044735,17747,30.721165974329754,104.04304797596848,4.7799084961448886,152.028373926506
2018/11/05 01:16:46,30.721081156510976,104.04290750236856,17747,30.721052604950685,104.04295422186225,5.479408070241813,167.4954852514016
2018/11/05 01:16:49,30.720991356008422,104.04283770053031,17747,30.72096461545325,104.04288145638752,5.1318366088314376,179.49999511460157
2018/11/05 01:16:52,30.720931518825374,104.04277786975612,17747,30.720900577719974,104.04282849852096,5.937936858539646,188.2367401433841
2018/11/05 01:16:55,30.720911573123924,104.04275792619532,17747,30.72087923183608,104.04281084592127,6.206636401038582,191.14898520860024
2018/11/05 01:16:58,30.72090160027811,104.04274795442066,17747,30.720868558899227,104.04280201962564,6.340986070701201,192.60510712690316
2018/11/05 01:17:01,30.72090160027811,104.04274795442066,18766,30.720796043459455,104.0429206600616,20.2562395823223,154.42539529274762
2018/11/05 01:17:04,30.720891605123644,104.04274795487356,17747,30.72086191956476,104.04279652903485,5.696972850146234,193.51091973191407
2018/11/05 01:17:07,30.7208816099691,104.04274795532646,17747,30.720855280230243,104.04279103844401,5.0529595510899945,194.4167323650568
2018/11/05 01:17:10,30.720861664287014,104.0427280117886,17747,30.720833934364855,104.04277338585962,5.3216585164504036,197.32897536475167
2018/11/05 01:17:13,30.720791854502835,104.04265820952645,17747,30.72075922394294,104.04271160190271,6.262102763934327,207.52181297680488
2018/11/05 01:17:16,30.720692148893185,104.0425485201824,17747,30.720648565848197,104.04261590129026,8.060555754858443,222.85545081229375
2018/11/05 01:17:19,30.720572408545575,104.04245877642737,17747,30.720535043532685,104.0425165446509,6.910587888825509,238.6525240008628
2018/11/05 01:17:22,30.720482698811193,104.04234908746821,17747,30.720432458954694,104.04242676090331,9.291774941633756,252.92757411544778
2018/11/05 01:17:25,30.72038299431521,104.04223939942145,17747,30.72032349280243,104.04233139189462,11.004712600912079,268.09065156484786
2018/11/05 01:17:28,30.720263277380386,104.04213968473032,17747,30.720205867208065,104.0422284439966,10.617939600552383,284.45873209084675
2018/11/05 01:17:31,30.720103647780704,104.04201005637833,17747,30.720050401593838,104.04209237787694,9.847824563074038,306.0924165717004
2018/11/05 01:17:34,30.719993881571312,104.04193028592418,17747,30.71994736684756,104.04200220013452,8.602847669486628,320.43013544671004
2018/11/05 01:17:37,30.719934068765365,104.04186048533388,17747,30.719880346384212,104.04194354269806,9.935880109319683,329.7563181517256
2018/11/05 01:17:40,30.71991428203088,104.04177073940276,17747,30.719830646114648,104.04190004418646,15.468325197871497,336.6723236913177
2018/11/05 01:17:43,30.719944562059343,104.04164110426433,4877,30.7197553,104.0418341,27.98660539409557,0.0
2018/11/05 01:17:46,30.719954625271342,104.04161118841417,18766,30.71970774974081,104.04199104179398,45.519801678630905,4.2863921181205304
2018/11/05 01:17:48,30.719964575062402,104.04163113155627,18766,30.719722328484092,104.04200386256457,44.66629016697624,6.31861103543681
2018/11/05 01:17:50,30.719964552382173,104.04164110335923,18766,30.719726437924884,104.04200747646986,43.90439139495097,6.891450741227025
